K = [
21                   25                   1                    
10                   5                    1                    
2                    25                   1                    
2                    3                    25                   
4                    25                   5                    
4                    3                    25                   
12                   21                   1                    
12                   10                   1                    
12                   10                   21                   
15                   10                   21                   
24                   20                   25                   
24                   23                   20                   
22                   23                   20                   
22                   15                   20                   
22                   15                   21                   
4                    2                    3                    
4                    5                    1                    
4                    2                    1                    
15                   20                   25                   
15                   25                   5                    
15                   10                   5                    
22                   24                   23                   
22                   21                   25                   
22                   24                   25                   
];
