vetArea = [
280845               
58089.1              
58537.4              
58386.4              
58201.4              
58282                
57874.5              
101323               
72385.4              
58331.8              
21033.7              
18535.4              
16767.4              
47106.5              
31261.6              
23.2138              
133.663              
89.0592              
14883                
56918.2              
1433.42              
551.895              
3071.41              
1961.98              
];
